(kicad_pcb (version 20171130) (host pcbnew "(5.0.0)")

  (general
    (thickness 1.6)
    (drawings 48)
    (tracks 1224)
    (zones 0)
    (modules 132)
    (nets 12)
  )

  (page A4)
  (layers
    (0 F.Cu signal)
    (31 B.Cu signal)
    (32 B.Adhes user)
    (33 F.Adhes user)
    (34 B.Paste user)
    (35 F.Paste user)
    (36 B.SilkS user)
    (37 F.SilkS user)
    (38 B.Mask user)
    (39 F.Mask user)
    (40 Dwgs.User user)
    (41 Cmts.User user)
    (42 Eco1.User user)
    (43 Eco2.User user)
    (44 Edge.Cuts user)
    (45 Margin user)
    (46 B.CrtYd user)
    (47 F.CrtYd user)
    (48 B.Fab user)
    (49 F.Fab user)
  )

  (setup
    (last_trace_width 0.5)
    (trace_clearance 0.2)
    (zone_clearance 0.508)
    (zone_45_only no)
    (trace_min 0.2)
    (segment_width 0.2)
    (edge_width 0.15)
    (via_size 0.8)
    (via_drill 0.4)
    (via_min_size 0.4)
    (via_min_drill 0.3)
    (uvia_size 0.3)
    (uvia_drill 0.1)
    (uvias_allowed no)
    (uvia_min_size 0.2)
    (uvia_min_drill 0.1)
    (pcb_text_width 0.3)
    (pcb_text_size 1.5 1.5)
    (mod_edge_width 0.15)
    (mod_text_size 1 1)
    (mod_text_width 0.15)
    (pad_size 1.524 1.524)
    (pad_drill 0.762)
    (pad_to_mask_clearance 0.2)
    (aux_axis_origin 0 0)
    (visible_elements 7FFFFFFF)
    (pcbplotparams
      (layerselection 0x010fc_ffffffff)
      (usegerberextensions false)
      (usegerberattributes false)
      (usegerberadvancedattributes false)
      (creategerberjobfile false)
      (excludeedgelayer true)
      (linewidth 0.100000)
      (plotframeref false)
      (viasonmask false)
      (mode 1)
      (useauxorigin false)
      (hpglpennumber 1)
      (hpglpenspeed 20)
      (hpglpendiameter 15.000000)
      (psnegative false)
      (psa4output false)
      (plotreference true)
      (plotvalue true)
      (plotinvisibletext false)
      (padsonsilk false)
      (subtractmaskfromsilk false)
      (outputformat 1)
      (mirror false)
      (drillshape 1)
      (scaleselection 1)
      (outputdirectory ""))
  )

  (net 0 "")
  (net 1 +3V3)
  (net 2 /NO2)
  (net 3 /CO2)
  (net 4 /PRE_HEALTING)
  (net 5 GND)
  (net 6 "Net-(Q1-Pad1)")
  (net 7 "Net-(Q1-Pad3)")
  (net 8 "Net-(R3-Pad1)")
  (net 9 "Net-(R6-Pad1)")
  (net 10 /OX)
  (net 11 /RED)

  (net_class Default "This is the default net class."
    (clearance 0.2)
    (trace_width 0.5)
    (via_dia 0.8)
    (via_drill 0.4)
    (uvia_dia 0.3)
    (uvia_drill 0.1)
    (add_net /CO2)
    (add_net /NO2)
    (add_net /OX)
    (add_net /RED)
    (add_net "Net-(Q1-Pad1)")
    (add_net "Net-(Q1-Pad3)")
    (add_net "Net-(R3-Pad1)")
    (add_net "Net-(R6-Pad1)")
  )

  (net_class SOURCE ""
    (clearance 0.2)
    (trace_width 0.5)
    (via_dia 0.5)
    (via_drill 0.3)
    (uvia_dia 0.6)
    (uvia_drill 0.3)
    (add_net +3V3)
    (add_net /PRE_HEALTING)
    (add_net GND)
  )

  (module MICS-4514:MICS_10-SMD (layer F.Cu) (tedit 0) (tstamp 5C62137F)
    (at 119.888 115.57 180)
    (path /5C5C9644)
    (attr smd)
    (fp_text reference U2 (at -5.44 -1.66 270) (layer F.SilkS)
      (effects (font (size 0.320661 0.320661) (thickness 0.05)))
    )
    (fp_text value MICS-4514 (at -5.44 0.34 90) (layer F.SilkS)
      (effects (font (size 0.320291 0.320291) (thickness 0.05)))
    )
    (fp_line (start -3.5 2.5) (end 3.5 2.5) (layer Dwgs.User) (width 0.127))
    (fp_line (start 3.5 -2.5) (end 3.5 -2) (layer F.SilkS) (width 0.254))
    (fp_line (start -3.5 -2.5) (end -3.5 -2) (layer F.SilkS) (width 0.254))
    (fp_circle (center 2.27 -3.07) (end 2.47 -3.07) (layer F.SilkS) (width 0.254))
    (fp_poly (pts (xy -0.300621 -2.5) (xy 0.3 -2.5) (xy 0.3 -1.50311) (xy -0.300621 -1.50311)) (layer Dwgs.User) (width 0))
    (fp_poly (pts (xy -1.57084 -2.5) (xy -0.97 -2.5) (xy -0.97 -1.5008) (xy -1.57084 -1.5008)) (layer Dwgs.User) (width 0))
    (fp_poly (pts (xy 0.971413 -2.5) (xy 1.57 -2.5) (xy 1.57 -1.50218) (xy 0.971413 -1.50218)) (layer Dwgs.User) (width 0))
    (fp_poly (pts (xy -1.57091 1.5) (xy -0.97 1.5) (xy -0.97 2.50146) (xy -1.57091 2.50146)) (layer Dwgs.User) (width 0))
    (fp_poly (pts (xy -0.300484 1.5) (xy 0.3 1.5) (xy 0.3 2.50403) (xy -0.300484 2.50403)) (layer Dwgs.User) (width 0))
    (fp_poly (pts (xy 0.971659 1.5) (xy 1.57 1.5) (xy 1.57 2.50427) (xy 0.971659 2.50427)) (layer Dwgs.User) (width 0))
    (fp_poly (pts (xy -3.50285 -1.57) (xy -2.5 -1.57) (xy -2.5 -0.970789) (xy -3.50285 -0.970789)) (layer Dwgs.User) (width 0))
    (fp_poly (pts (xy -3.50928 0.97) (xy -2.5 0.97) (xy -2.5 1.57416) (xy -3.50928 1.57416)) (layer Dwgs.User) (width 0))
    (fp_poly (pts (xy 2.508 -1.57) (xy 3.5 -1.57) (xy 3.5 -0.973104) (xy 2.508 -0.973104)) (layer Dwgs.User) (width 0))
    (fp_poly (pts (xy 2.5059 0.97) (xy 3.5 0.97) (xy 3.5 1.57371) (xy 2.5059 1.57371)) (layer Dwgs.User) (width 0))
    (fp_line (start -3.5 -2.5) (end -3.5 2.5) (layer Dwgs.User) (width 0.127))
    (fp_line (start -3.5 -2.5) (end 3.5 -2.5) (layer Dwgs.User) (width 0.127))
    (fp_line (start 3.5 -2.5) (end 3.5 2.5) (layer Dwgs.User) (width 0.127))
    (fp_line (start -3.5 2.5) (end -3.5 2) (layer F.SilkS) (width 0.254))
    (fp_line (start 3.5 2.5) (end 3.5 2) (layer F.SilkS) (width 0.254))
    (fp_line (start -3.5 -2.5) (end -2 -2.5) (layer F.SilkS) (width 0.254))
    (fp_line (start 3.5 -2.5) (end 2 -2.5) (layer F.SilkS) (width 0.254))
    (fp_line (start -3.5 2.5) (end -2 2.5) (layer F.SilkS) (width 0.254))
    (fp_line (start 3.5 2.5) (end 2 2.5) (layer F.SilkS) (width 0.254))
    (fp_circle (center 1.27 -0.97) (end 1.47 -0.97) (layer Dwgs.User) (width 0.127))
    (pad E smd rect (at -3.45 1.27 270) (size 0.7 2) (layers F.Cu F.Paste F.Mask))
    (pad F smd rect (at -1.27 2.45 180) (size 0.7 2) (layers F.Cu F.Paste F.Mask)
      (net 1 +3V3))
    (pad G smd rect (at 0 2.45 180) (size 0.7 2) (layers F.Cu F.Paste F.Mask)
      (net 1 +3V3))
    (pad H smd rect (at 1.27 2.45 180) (size 0.7 2) (layers F.Cu F.Paste F.Mask)
      (net 1 +3V3))
    (pad A smd rect (at 1.27 -2.45 180) (size 0.7 2) (layers F.Cu F.Paste F.Mask)
      (net 8 "Net-(R3-Pad1)"))
    (pad B smd rect (at 0 -2.45 180) (size 0.7 2) (layers F.Cu F.Paste F.Mask)
      (net 10 /OX))
    (pad C smd rect (at -1.27 -2.45 180) (size 0.7 2) (layers F.Cu F.Paste F.Mask)
      (net 9 "Net-(R6-Pad1)"))
    (pad D smd rect (at -3.45 -1.27 270) (size 0.7 2) (layers F.Cu F.Paste F.Mask)
      (net 11 /RED))
    (pad J smd rect (at 3.45 1.27 270) (size 0.7 2) (layers F.Cu F.Paste F.Mask)
      (net 1 +3V3))
    (pad K smd rect (at 3.45 -1.27 270) (size 0.7 2) (layers F.Cu F.Paste F.Mask))
  )

  (module Connector_PinHeader_2.54mm:PinHeader_1x07_P2.54mm_Vertical (layer F.Cu) (tedit 59FED5CC) (tstamp 5C621312)
    (at 177.546 127.762 90)
    (descr "Through hole straight pin header, 1x07, 2.54mm pitch, single row")
    (tags "Through hole pin header THT 1x07 2.54mm single row")
    (path /5C5D8712)
    (fp_text reference J1 (at 0 18.034 90) (layer F.SilkS)
      (effects (font (size 1 1) (thickness 0.15)))
    )
    (fp_text value outputs (at -1.9685 15.1765 180) (layer F.Fab)
      (effects (font (size 1 1) (thickness 0.15)))
    )
    (fp_text user %R (at 0 7.62 180) (layer F.Fab)
      (effects (font (size 1 1) (thickness 0.15)))
    )
    (fp_line (start 1.8 -1.8) (end -1.8 -1.8) (layer F.CrtYd) (width 0.05))
    (fp_line (start 1.8 17.05) (end 1.8 -1.8) (layer F.CrtYd) (width 0.05))
    (fp_line (start -1.8 17.05) (end 1.8 17.05) (layer F.CrtYd) (width 0.05))
    (fp_line (start -1.8 -1.8) (end -1.8 17.05) (layer F.CrtYd) (width 0.05))
    (fp_line (start -1.33 -1.33) (end 0 -1.33) (layer F.SilkS) (width 0.12))
    (fp_line (start -1.33 0) (end -1.33 -1.33) (layer F.SilkS) (width 0.12))
    (fp_line (start -1.33 1.27) (end 1.33 1.27) (layer F.SilkS) (width 0.12))
    (fp_line (start 1.33 1.27) (end 1.33 16.57) (layer F.SilkS) (width 0.12))
    (fp_line (start -1.33 1.27) (end -1.33 16.57) (layer F.SilkS) (width 0.12))
    (fp_line (start -1.33 16.57) (end 1.33 16.57) (layer F.SilkS) (width 0.12))
    (fp_line (start -1.27 -0.635) (end -0.635 -1.27) (layer F.Fab) (width 0.1))
    (fp_line (start -1.27 16.51) (end -1.27 -0.635) (layer F.Fab) (width 0.1))
    (fp_line (start 1.27 16.51) (end -1.27 16.51) (layer F.Fab) (width 0.1))
    (fp_line (start 1.27 -1.27) (end 1.27 16.51) (layer F.Fab) (width 0.1))
    (fp_line (start -0.635 -1.27) (end 1.27 -1.27) (layer F.Fab) (width 0.1))
    (pad 7 thru_hole oval (at 0 15.24 90) (size 1.7 1.7) (drill 1) (layers *.Cu *.Mask)
      (net 2 /NO2))
    (pad 6 thru_hole oval (at 0 12.7 90) (size 1.7 1.7) (drill 1) (layers *.Cu *.Mask)
      (net 3 /CO2))
    (pad 5 thru_hole oval (at 0 10.16 90) (size 1.7 1.7) (drill 1) (layers *.Cu *.Mask)
      (net 11 /RED))
    (pad 4 thru_hole oval (at 0 7.62 90) (size 1.7 1.7) (drill 1) (layers *.Cu *.Mask)
      (net 10 /OX))
    (pad 3 thru_hole oval (at 0 5.08 90) (size 1.7 1.7) (drill 1) (layers *.Cu *.Mask)
      (net 5 GND))
    (pad 2 thru_hole oval (at 0 2.54 90) (size 1.7 1.7) (drill 1) (layers *.Cu *.Mask)
      (net 4 /PRE_HEALTING))
    (pad 1 thru_hole rect (at 0 0 90) (size 1.7 1.7) (drill 1) (layers *.Cu *.Mask)
      (net 1 +3V3))
    (model ${KISYS3DMOD}/Connector_PinHeader_2.54mm.3dshapes/PinHeader_1x07_P2.54mm_Vertical.wrl
      (offset (xyz 0 0 -1.5))
      (scale (xyz 0.6 1 1))
      (rotate (xyz 0 180 0))
    )
  )

  (module Package_TO_SOT_SMD:SOT-23 (layer F.Cu) (tedit 5A02FF57) (tstamp 5C6212FE)
    (at 179.578 116.95408 90)
    (descr "SOT-23, Standard")
    (tags SOT-23)
    (path /5C5C99B3)
    (attr smd)
    (fp_text reference Q1 (at 2.67208 -1.40462 180) (layer F.SilkS)
      (effects (font (size 1 1) (thickness 0.15)))
    )
    (fp_text value 2N7002 (at -2.5 0 180) (layer F.Fab)
      (effects (font (size 1 1) (thickness 0.15)))
    )
    (fp_line (start 0.76 1.58) (end -0.7 1.58) (layer F.SilkS) (width 0.12))
    (fp_line (start 0.76 -1.58) (end -1.4 -1.58) (layer F.SilkS) (width 0.12))
    (fp_line (start -1.7 1.75) (end -1.7 -1.75) (layer F.CrtYd) (width 0.05))
    (fp_line (start 1.7 1.75) (end -1.7 1.75) (layer F.CrtYd) (width 0.05))
    (fp_line (start 1.7 -1.75) (end 1.7 1.75) (layer F.CrtYd) (width 0.05))
    (fp_line (start -1.7 -1.75) (end 1.7 -1.75) (layer F.CrtYd) (width 0.05))
    (fp_line (start 0.76 -1.58) (end 0.76 -0.65) (layer F.SilkS) (width 0.12))
    (fp_line (start 0.76 1.58) (end 0.76 0.65) (layer F.SilkS) (width 0.12))
    (fp_line (start -0.7 1.52) (end 0.7 1.52) (layer F.Fab) (width 0.1))
    (fp_line (start 0.7 -1.52) (end 0.7 1.52) (layer F.Fab) (width 0.1))
    (fp_line (start -0.7 -0.95) (end -0.15 -1.52) (layer F.Fab) (width 0.1))
    (fp_line (start -0.15 -1.52) (end 0.7 -1.52) (layer F.Fab) (width 0.1))
    (fp_line (start -0.7 -0.95) (end -0.7 1.5) (layer F.Fab) (width 0.1))
    (fp_text user %R (at 0 0 180) (layer F.Fab)
      (effects (font (size 0.5 0.5) (thickness 0.075)))
    )
    (pad 3 smd rect (at 1 0 90) (size 0.9 0.8) (layers F.Cu F.Paste F.Mask)
      (net 7 "Net-(Q1-Pad3)"))
    (pad 2 smd rect (at -1 0.95 90) (size 0.9 0.8) (layers F.Cu F.Paste F.Mask)
      (net 5 GND))
    (pad 1 smd rect (at -1 -0.95 90) (size 0.9 0.8) (layers F.Cu F.Paste F.Mask)
      (net 6 "Net-(Q1-Pad1)"))
    (model ${KISYS3DMOD}/Package_TO_SOT_SMD.3dshapes/SOT-23.wrl
      (at (xyz 0 0 0))
      (scale (xyz 1 1 1))
      (rotate (xyz 0 0 0))
    )
  )

  (module Resistor_SMD:R_0805_2012Metric_Pad1.15x1.40mm_HandSolder (layer F.Cu) (tedit 5B36C52B) (tstamp 5C6212EE)
    (at 193.548 123.19 180)
    (descr "Resistor SMD 0805 (2012 Metric), square (rectangular) end terminal, IPC_7351 nominal with elongated pad for handsoldering. (Body size source: https://docs.google.com/spreadsheets/d/1BsfQQcO9C6DZCsRaXUlFlo91Tg2WpOkGARC1WS5S8t0/edit?usp=sharing), generated with kicad-footprint-generator")
    (tags "resistor handsolder")
    (path /5C5CA0FE)
    (attr smd)
    (fp_text reference R7 (at 0 1.524 180) (layer F.SilkS)
      (effects (font (size 1 1) (thickness 0.15)))
    )
    (fp_text value 1 (at 0 1.65 180) (layer F.Fab)
      (effects (font (size 1 1) (thickness 0.15)))
    )
    (fp_text user %R (at 0 0 180) (layer F.Fab)
      (effects (font (size 0.5 0.5) (thickness 0.08)))
    )
    (fp_line (start 1.85 0.95) (end -1.85 0.95) (layer F.CrtYd) (width 0.05))
    (fp_line (start 1.85 -0.95) (end 1.85 0.95) (layer F.CrtYd) (width 0.05))
    (fp_line (start -1.85 -0.95) (end 1.85 -0.95) (layer F.CrtYd) (width 0.05))
    (fp_line (start -1.85 0.95) (end -1.85 -0.95) (layer F.CrtYd) (width 0.05))
    (fp_line (start -0.261252 0.71) (end 0.261252 0.71) (layer F.SilkS) (width 0.12))
    (fp_line (start -0.261252 -0.71) (end 0.261252 -0.71) (layer F.SilkS) (width 0.12))
    (fp_line (start 1 0.6) (end -1 0.6) (layer F.Fab) (width 0.1))
    (fp_line (start 1 -0.6) (end 1 0.6) (layer F.Fab) (width 0.1))
    (fp_line (start -1 -0.6) (end 1 -0.6) (layer F.Fab) (width 0.1))
    (fp_line (start -1 0.6) (end -1 -0.6) (layer F.Fab) (width 0.1))
    (pad 2 smd roundrect (at 1.025 0 180) (size 1.15 1.4) (layers F.Cu F.Paste F.Mask) (roundrect_rratio 0.217391)
      (net 5 GND))
    (pad 1 smd roundrect (at -1.025 0 180) (size 1.15 1.4) (layers F.Cu F.Paste F.Mask) (roundrect_rratio 0.217391)
      (net 11 /RED))
    (model ${KISYS3DMOD}/Resistor_SMD.3dshapes/R_0805_2012Metric.wrl
      (at (xyz 0 0 0))
      (scale (xyz 1 1 1))
      (rotate (xyz 0 0 0))
    )
  )

  (module MICS-4514:MICS_10-SMD (layer F.Cu) (tedit 0) (tstamp 5C6212C9)
    (at 192.532 116.332 180)
    (path /5C5C9644)
    (attr smd)
    (fp_text reference U2 (at -5.44 -1.66 270) (layer F.SilkS)
      (effects (font (size 0.320661 0.320661) (thickness 0.05)))
    )
    (fp_text value MICS-4514 (at -5.44 0.34 90) (layer F.SilkS)
      (effects (font (size 0.320291 0.320291) (thickness 0.05)))
    )
    (fp_circle (center 1.27 -0.97) (end 1.47 -0.97) (layer Dwgs.User) (width 0.127))
    (fp_line (start 3.5 2.5) (end 2 2.5) (layer F.SilkS) (width 0.254))
    (fp_line (start -3.5 2.5) (end -2 2.5) (layer F.SilkS) (width 0.254))
    (fp_line (start 3.5 -2.5) (end 2 -2.5) (layer F.SilkS) (width 0.254))
    (fp_line (start -3.5 -2.5) (end -2 -2.5) (layer F.SilkS) (width 0.254))
    (fp_line (start 3.5 2.5) (end 3.5 2) (layer F.SilkS) (width 0.254))
    (fp_line (start -3.5 2.5) (end -3.5 2) (layer F.SilkS) (width 0.254))
    (fp_line (start 3.5 -2.5) (end 3.5 2.5) (layer Dwgs.User) (width 0.127))
    (fp_line (start -3.5 -2.5) (end 3.5 -2.5) (layer Dwgs.User) (width 0.127))
    (fp_line (start -3.5 -2.5) (end -3.5 2.5) (layer Dwgs.User) (width 0.127))
    (fp_poly (pts (xy 2.5059 0.97) (xy 3.5 0.97) (xy 3.5 1.57371) (xy 2.5059 1.57371)) (layer Dwgs.User) (width 0))
    (fp_poly (pts (xy 2.508 -1.57) (xy 3.5 -1.57) (xy 3.5 -0.973104) (xy 2.508 -0.973104)) (layer Dwgs.User) (width 0))
    (fp_poly (pts (xy -3.50928 0.97) (xy -2.5 0.97) (xy -2.5 1.57416) (xy -3.50928 1.57416)) (layer Dwgs.User) (width 0))
    (fp_poly (pts (xy -3.50285 -1.57) (xy -2.5 -1.57) (xy -2.5 -0.970789) (xy -3.50285 -0.970789)) (layer Dwgs.User) (width 0))
    (fp_poly (pts (xy 0.971659 1.5) (xy 1.57 1.5) (xy 1.57 2.50427) (xy 0.971659 2.50427)) (layer Dwgs.User) (width 0))
    (fp_poly (pts (xy -0.300484 1.5) (xy 0.3 1.5) (xy 0.3 2.50403) (xy -0.300484 2.50403)) (layer Dwgs.User) (width 0))
    (fp_poly (pts (xy -1.57091 1.5) (xy -0.97 1.5) (xy -0.97 2.50146) (xy -1.57091 2.50146)) (layer Dwgs.User) (width 0))
    (fp_poly (pts (xy 0.971413 -2.5) (xy 1.57 -2.5) (xy 1.57 -1.50218) (xy 0.971413 -1.50218)) (layer Dwgs.User) (width 0))
    (fp_poly (pts (xy -1.57084 -2.5) (xy -0.97 -2.5) (xy -0.97 -1.5008) (xy -1.57084 -1.5008)) (layer Dwgs.User) (width 0))
    (fp_poly (pts (xy -0.300621 -2.5) (xy 0.3 -2.5) (xy 0.3 -1.50311) (xy -0.300621 -1.50311)) (layer Dwgs.User) (width 0))
    (fp_circle (center 2.27 -3.07) (end 2.47 -3.07) (layer F.SilkS) (width 0.254))
    (fp_line (start -3.5 -2.5) (end -3.5 -2) (layer F.SilkS) (width 0.254))
    (fp_line (start 3.5 -2.5) (end 3.5 -2) (layer F.SilkS) (width 0.254))
    (fp_line (start -3.5 2.5) (end 3.5 2.5) (layer Dwgs.User) (width 0.127))
    (pad K smd rect (at 3.45 -1.27 270) (size 0.7 2) (layers F.Cu F.Paste F.Mask))
    (pad J smd rect (at 3.45 1.27 270) (size 0.7 2) (layers F.Cu F.Paste F.Mask)
      (net 1 +3V3))
    (pad D smd rect (at -3.45 -1.27 270) (size 0.7 2) (layers F.Cu F.Paste F.Mask)
      (net 11 /RED))
    (pad C smd rect (at -1.27 -2.45 180) (size 0.7 2) (layers F.Cu F.Paste F.Mask)
      (net 9 "Net-(R6-Pad1)"))
    (pad B smd rect (at 0 -2.45 180) (size 0.7 2) (layers F.Cu F.Paste F.Mask)
      (net 10 /OX))
    (pad A smd rect (at 1.27 -2.45 180) (size 0.7 2) (layers F.Cu F.Paste F.Mask)
      (net 8 "Net-(R3-Pad1)"))
    (pad H smd rect (at 1.27 2.45 180) (size 0.7 2) (layers F.Cu F.Paste F.Mask)
      (net 1 +3V3))
    (pad G smd rect (at 0 2.45 180) (size 0.7 2) (layers F.Cu F.Paste F.Mask)
      (net 1 +3V3))
    (pad F smd rect (at -1.27 2.45 180) (size 0.7 2) (layers F.Cu F.Paste F.Mask)
      (net 1 +3V3))
    (pad E smd rect (at -3.45 1.27 270) (size 0.7 2) (layers F.Cu F.Paste F.Mask))
  )

  (module Resistor_SMD:R_0805_2012Metric_Pad1.15x1.40mm_HandSolder (layer F.Cu) (tedit 5B36C52B) (tstamp 5C6212B9)
    (at 120.904 122.428 180)
    (descr "Resistor SMD 0805 (2012 Metric), square (rectangular) end terminal, IPC_7351 nominal with elongated pad for handsoldering. (Body size source: https://docs.google.com/spreadsheets/d/1BsfQQcO9C6DZCsRaXUlFlo91Tg2WpOkGARC1WS5S8t0/edit?usp=sharing), generated with kicad-footprint-generator")
    (tags "resistor handsolder")
    (path /5C5CA0FE)
    (attr smd)
    (fp_text reference R7 (at 0 1.524 180) (layer F.SilkS)
      (effects (font (size 1 1) (thickness 0.15)))
    )
    (fp_text value 1 (at 0 1.65 180) (layer F.Fab)
      (effects (font (size 1 1) (thickness 0.15)))
    )
    (fp_line (start -1 0.6) (end -1 -0.6) (layer F.Fab) (width 0.1))
    (fp_line (start -1 -0.6) (end 1 -0.6) (layer F.Fab) (width 0.1))
    (fp_line (start 1 -0.6) (end 1 0.6) (layer F.Fab) (width 0.1))
    (fp_line (start 1 0.6) (end -1 0.6) (layer F.Fab) (width 0.1))
    (fp_line (start -0.261252 -0.71) (end 0.261252 -0.71) (layer F.SilkS) (width 0.12))
    (fp_line (start -0.261252 0.71) (end 0.261252 0.71) (layer F.SilkS) (width 0.12))
    (fp_line (start -1.85 0.95) (end -1.85 -0.95) (layer F.CrtYd) (width 0.05))
    (fp_line (start -1.85 -0.95) (end 1.85 -0.95) (layer F.CrtYd) (width 0.05))
    (fp_line (start 1.85 -0.95) (end 1.85 0.95) (layer F.CrtYd) (width 0.05))
    (fp_line (start 1.85 0.95) (end -1.85 0.95) (layer F.CrtYd) (width 0.05))
    (fp_text user %R (at 0 0 180) (layer F.Fab)
      (effects (font (size 0.5 0.5) (thickness 0.08)))
    )
    (pad 1 smd roundrect (at -1.025 0 180) (size 1.15 1.4) (layers F.Cu F.Paste F.Mask) (roundrect_rratio 0.217391)
      (net 11 /RED))
    (pad 2 smd roundrect (at 1.025 0 180) (size 1.15 1.4) (layers F.Cu F.Paste F.Mask) (roundrect_rratio 0.217391)
      (net 5 GND))
    (model ${KISYS3DMOD}/Resistor_SMD.3dshapes/R_0805_2012Metric.wrl
      (at (xyz 0 0 0))
      (scale (xyz 1 1 1))
      (rotate (xyz 0 0 0))
    )
  )

  (module Package_SO:SOIC-8_3.9x4.9mm_P1.27mm (layer F.Cu) (tedit 5A02F2D3) (tstamp 5C62129D)
    (at 200.66 120.396 270)
    (descr "8-Lead Plastic Small Outline (SN) - Narrow, 3.90 mm Body [SOIC] (see Microchip Packaging Specification 00000049BS.pdf)")
    (tags "SOIC 1.27")
    (path /5C5C9A60)
    (attr smd)
    (fp_text reference U1 (at 0 -3.5 270) (layer F.SilkS)
      (effects (font (size 1 1) (thickness 0.15)))
    )
    (fp_text value TLC2272 (at 0 3.5 270) (layer F.Fab)
      (effects (font (size 1 1) (thickness 0.15)))
    )
    (fp_line (start -2.075 -2.525) (end -3.475 -2.525) (layer F.SilkS) (width 0.15))
    (fp_line (start -2.075 2.575) (end 2.075 2.575) (layer F.SilkS) (width 0.15))
    (fp_line (start -2.075 -2.575) (end 2.075 -2.575) (layer F.SilkS) (width 0.15))
    (fp_line (start -2.075 2.575) (end -2.075 2.43) (layer F.SilkS) (width 0.15))
    (fp_line (start 2.075 2.575) (end 2.075 2.43) (layer F.SilkS) (width 0.15))
    (fp_line (start 2.075 -2.575) (end 2.075 -2.43) (layer F.SilkS) (width 0.15))
    (fp_line (start -2.075 -2.575) (end -2.075 -2.525) (layer F.SilkS) (width 0.15))
    (fp_line (start -3.73 2.7) (end 3.73 2.7) (layer F.CrtYd) (width 0.05))
    (fp_line (start -3.73 -2.7) (end 3.73 -2.7) (layer F.CrtYd) (width 0.05))
    (fp_line (start 3.73 -2.7) (end 3.73 2.7) (layer F.CrtYd) (width 0.05))
    (fp_line (start -3.73 -2.7) (end -3.73 2.7) (layer F.CrtYd) (width 0.05))
    (fp_line (start -1.95 -1.45) (end -0.95 -2.45) (layer F.Fab) (width 0.1))
    (fp_line (start -1.95 2.45) (end -1.95 -1.45) (layer F.Fab) (width 0.1))
    (fp_line (start 1.95 2.45) (end -1.95 2.45) (layer F.Fab) (width 0.1))
    (fp_line (start 1.95 -2.45) (end 1.95 2.45) (layer F.Fab) (width 0.1))
    (fp_line (start -0.95 -2.45) (end 1.95 -2.45) (layer F.Fab) (width 0.1))
    (fp_text user %R (at 0 0 270) (layer F.Fab)
      (effects (font (size 1 1) (thickness 0.15)))
    )
    (pad 8 smd rect (at 2.7 -1.905 270) (size 1.55 0.6) (layers F.Cu F.Paste F.Mask))
    (pad 7 smd rect (at 2.7 -0.635 270) (size 1.55 0.6) (layers F.Cu F.Paste F.Mask)
      (net 3 /CO2))
    (pad 6 smd rect (at 2.7 0.635 270) (size 1.55 0.6) (layers F.Cu F.Paste F.Mask)
      (net 3 /CO2))
    (pad 5 smd rect (at 2.7 1.905 270) (size 1.55 0.6) (layers F.Cu F.Paste F.Mask)
      (net 11 /RED))
    (pad 4 smd rect (at -2.7 1.905 270) (size 1.55 0.6) (layers F.Cu F.Paste F.Mask))
    (pad 3 smd rect (at -2.7 0.635 270) (size 1.55 0.6) (layers F.Cu F.Paste F.Mask)
      (net 10 /OX))
    (pad 2 smd rect (at -2.7 -0.635 270) (size 1.55 0.6) (layers F.Cu F.Paste F.Mask)
      (net 2 /NO2))
    (pad 1 smd rect (at -2.7 -1.905 270) (size 1.55 0.6) (layers F.Cu F.Paste F.Mask)
      (net 2 /NO2))
    (model ${KISYS3DMOD}/Package_SO.3dshapes/SOIC-8_3.9x4.9mm_P1.27mm.wrl
      (at (xyz 0 0 0))
      (scale (xyz 1 1 1))
      (rotate (xyz 0 0 0))
    )
  )

  (module MICS-4514:MICS_10-SMD (layer F.Cu) (tedit 0) (tstamp 5C621278)
    (at 120.142 146.812 180)
    (path /5C5C9644)
    (attr smd)
    (fp_text reference U2 (at -5.44 -1.66 270) (layer F.SilkS)
      (effects (font (size 0.320661 0.320661) (thickness 0.05)))
    )
    (fp_text value MICS-4514 (at -5.44 0.34 90) (layer F.SilkS)
      (effects (font (size 0.320291 0.320291) (thickness 0.05)))
    )
    (fp_circle (center 1.27 -0.97) (end 1.47 -0.97) (layer Dwgs.User) (width 0.127))
    (fp_line (start 3.5 2.5) (end 2 2.5) (layer F.SilkS) (width 0.254))
    (fp_line (start -3.5 2.5) (end -2 2.5) (layer F.SilkS) (width 0.254))
    (fp_line (start 3.5 -2.5) (end 2 -2.5) (layer F.SilkS) (width 0.254))
    (fp_line (start -3.5 -2.5) (end -2 -2.5) (layer F.SilkS) (width 0.254))
    (fp_line (start 3.5 2.5) (end 3.5 2) (layer F.SilkS) (width 0.254))
    (fp_line (start -3.5 2.5) (end -3.5 2) (layer F.SilkS) (width 0.254))
    (fp_line (start 3.5 -2.5) (end 3.5 2.5) (layer Dwgs.User) (width 0.127))
    (fp_line (start -3.5 -2.5) (end 3.5 -2.5) (layer Dwgs.User) (width 0.127))
    (fp_line (start -3.5 -2.5) (end -3.5 2.5) (layer Dwgs.User) (width 0.127))
    (fp_poly (pts (xy 2.5059 0.97) (xy 3.5 0.97) (xy 3.5 1.57371) (xy 2.5059 1.57371)) (layer Dwgs.User) (width 0))
    (fp_poly (pts (xy 2.508 -1.57) (xy 3.5 -1.57) (xy 3.5 -0.973104) (xy 2.508 -0.973104)) (layer Dwgs.User) (width 0))
    (fp_poly (pts (xy -3.50928 0.97) (xy -2.5 0.97) (xy -2.5 1.57416) (xy -3.50928 1.57416)) (layer Dwgs.User) (width 0))
    (fp_poly (pts (xy -3.50285 -1.57) (xy -2.5 -1.57) (xy -2.5 -0.970789) (xy -3.50285 -0.970789)) (layer Dwgs.User) (width 0))
    (fp_poly (pts (xy 0.971659 1.5) (xy 1.57 1.5) (xy 1.57 2.50427) (xy 0.971659 2.50427)) (layer Dwgs.User) (width 0))
    (fp_poly (pts (xy -0.300484 1.5) (xy 0.3 1.5) (xy 0.3 2.50403) (xy -0.300484 2.50403)) (layer Dwgs.User) (width 0))
    (fp_poly (pts (xy -1.57091 1.5) (xy -0.97 1.5) (xy -0.97 2.50146) (xy -1.57091 2.50146)) (layer Dwgs.User) (width 0))
    (fp_poly (pts (xy 0.971413 -2.5) (xy 1.57 -2.5) (xy 1.57 -1.50218) (xy 0.971413 -1.50218)) (layer Dwgs.User) (width 0))
    (fp_poly (pts (xy -1.57084 -2.5) (xy -0.97 -2.5) (xy -0.97 -1.5008) (xy -1.57084 -1.5008)) (layer Dwgs.User) (width 0))
    (fp_poly (pts (xy -0.300621 -2.5) (xy 0.3 -2.5) (xy 0.3 -1.50311) (xy -0.300621 -1.50311)) (layer Dwgs.User) (width 0))
    (fp_circle (center 2.27 -3.07) (end 2.47 -3.07) (layer F.SilkS) (width 0.254))
    (fp_line (start -3.5 -2.5) (end -3.5 -2) (layer F.SilkS) (width 0.254))
    (fp_line (start 3.5 -2.5) (end 3.5 -2) (layer F.SilkS) (width 0.254))
    (fp_line (start -3.5 2.5) (end 3.5 2.5) (layer Dwgs.User) (width 0.127))
    (pad K smd rect (at 3.45 -1.27 270) (size 0.7 2) (layers F.Cu F.Paste F.Mask))
    (pad J smd rect (at 3.45 1.27 270) (size 0.7 2) (layers F.Cu F.Paste F.Mask)
      (net 1 +3V3))
    (pad D smd rect (at -3.45 -1.27 270) (size 0.7 2) (layers F.Cu F.Paste F.Mask)
      (net 11 /RED))
    (pad C smd rect (at -1.27 -2.45 180) (size 0.7 2) (layers F.Cu F.Paste F.Mask)
      (net 9 "Net-(R6-Pad1)"))
    (pad B smd rect (at 0 -2.45 180) (size 0.7 2) (layers F.Cu F.Paste F.Mask)
      (net 10 /OX))
    (pad A smd rect (at 1.27 -2.45 180) (size 0.7 2) (layers F.Cu F.Paste F.Mask)
      (net 8 "Net-(R3-Pad1)"))
    (pad H smd rect (at 1.27 2.45 180) (size 0.7 2) (layers F.Cu F.Paste F.Mask)
      (net 1 +3V3))
    (pad G smd rect (at 0 2.45 180) (size 0.7 2) (layers F.Cu F.Paste F.Mask)
      (net 1 +3V3))
    (pad F smd rect (at -1.27 2.45 180) (size 0.7 2) (layers F.Cu F.Paste F.Mask)
      (net 1 +3V3))
    (pad E smd rect (at -3.45 1.27 270) (size 0.7 2) (layers F.Cu F.Paste F.Mask))
  )

  (module Resistor_SMD:R_0805_2012Metric_Pad1.15x1.40mm_HandSolder (layer F.Cu) (tedit 5B36C52B) (tstamp 5C621268)
    (at 184.912 116.586 180)
    (descr "Resistor SMD 0805 (2012 Metric), square (rectangular) end terminal, IPC_7351 nominal with elongated pad for handsoldering. (Body size source: https://docs.google.com/spreadsheets/d/1BsfQQcO9C6DZCsRaXUlFlo91Tg2WpOkGARC1WS5S8t0/edit?usp=sharing), generated with kicad-footprint-generator")
    (tags "resistor handsolder")
    (path /5C5C9C62)
    (attr smd)
    (fp_text reference R3 (at 2.89316 -0.04106 180) (layer F.SilkS)
      (effects (font (size 1 1) (thickness 0.15)))
    )
    (fp_text value 30 (at 0 0 180) (layer F.Fab)
      (effects (font (size 1 1) (thickness 0.15)))
    )
    (fp_line (start -1 0.6) (end -1 -0.6) (layer F.Fab) (width 0.1))
    (fp_line (start -1 -0.6) (end 1 -0.6) (layer F.Fab) (width 0.1))
    (fp_line (start 1 -0.6) (end 1 0.6) (layer F.Fab) (width 0.1))
    (fp_line (start 1 0.6) (end -1 0.6) (layer F.Fab) (width 0.1))
    (fp_line (start -0.261252 -0.71) (end 0.261252 -0.71) (layer F.SilkS) (width 0.12))
    (fp_line (start -0.261252 0.71) (end 0.261252 0.71) (layer F.SilkS) (width 0.12))
    (fp_line (start -1.85 0.95) (end -1.85 -0.95) (layer F.CrtYd) (width 0.05))
    (fp_line (start -1.85 -0.95) (end 1.85 -0.95) (layer F.CrtYd) (width 0.05))
    (fp_line (start 1.85 -0.95) (end 1.85 0.95) (layer F.CrtYd) (width 0.05))
    (fp_line (start 1.85 0.95) (end -1.85 0.95) (layer F.CrtYd) (width 0.05))
    (fp_text user %R (at 0 0 180) (layer F.Fab)
      (effects (font (size 0.5 0.5) (thickness 0.08)))
    )
    (pad 1 smd roundrect (at -1.025 0 180) (size 1.15 1.4) (layers F.Cu F.Paste F.Mask) (roundrect_rratio 0.217391)
      (net 8 "Net-(R3-Pad1)"))
    (pad 2 smd roundrect (at 1.025 0 180) (size 1.15 1.4) (layers F.Cu F.Paste F.Mask) (roundrect_rratio 0.217391)
      (net 7 "Net-(Q1-Pad3)"))
    (model ${KISYS3DMOD}/Resistor_SMD.3dshapes/R_0805_2012Metric.wrl
      (at (xyz 0 0 0))
      (scale (xyz 1 1 1))
      (rotate (xyz 0 0 0))
    )
  )

  (module Resistor_SMD:R_0805_2012Metric_Pad1.15x1.40mm_HandSolder (layer F.Cu) (tedit 5B36C52B) (tstamp 5C621258)
    (at 116.831 153.67 180)
    (descr "Resistor SMD 0805 (2012 Metric), square (rectangular) end terminal, IPC_7351 nominal with elongated pad for handsoldering. (Body size source: https://docs.google.com/spreadsheets/d/1BsfQQcO9C6DZCsRaXUlFlo91Tg2WpOkGARC1WS5S8t0/edit?usp=sharing), generated with kicad-footprint-generator")
    (tags "resistor handsolder")
    (path /5C5C9A0C)
    (attr smd)
    (fp_text reference R6 (at -0.009 1.524 180) (layer F.SilkS)
      (effects (font (size 1 1) (thickness 0.15)))
    )
    (fp_text value 30 (at 0 0 180) (layer F.Fab)
      (effects (font (size 1 1) (thickness 0.15)))
    )
    (fp_text user %R (at 0 0 180) (layer F.Fab)
      (effects (font (size 0.5 0.5) (thickness 0.08)))
    )
    (fp_line (start 1.85 0.95) (end -1.85 0.95) (layer F.CrtYd) (width 0.05))
    (fp_line (start 1.85 -0.95) (end 1.85 0.95) (layer F.CrtYd) (width 0.05))
    (fp_line (start -1.85 -0.95) (end 1.85 -0.95) (layer F.CrtYd) (width 0.05))
    (fp_line (start -1.85 0.95) (end -1.85 -0.95) (layer F.CrtYd) (width 0.05))
    (fp_line (start -0.261252 0.71) (end 0.261252 0.71) (layer F.SilkS) (width 0.12))
    (fp_line (start -0.261252 -0.71) (end 0.261252 -0.71) (layer F.SilkS) (width 0.12))
    (fp_line (start 1 0.6) (end -1 0.6) (layer F.Fab) (width 0.1))
    (fp_line (start 1 -0.6) (end 1 0.6) (layer F.Fab) (width 0.1))
    (fp_line (start -1 -0.6) (end 1 -0.6) (layer F.Fab) (width 0.1))
    (fp_line (start -1 0.6) (end -1 -0.6) (layer F.Fab) (width 0.1))
    (pad 2 smd roundrect (at 1.025 0 180) (size 1.15 1.4) (layers F.Cu F.Paste F.Mask) (roundrect_rratio 0.217391)
      (net 5 GND))
    (pad 1 smd roundrect (at -1.025 0 180) (size 1.15 1.4) (layers F.Cu F.Paste F.Mask) (roundrect_rratio 0.217391)
      (net 9 "Net-(R6-Pad1)"))
    (model ${KISYS3DMOD}/Resistor_SMD.3dshapes/R_0805_2012Metric.wrl
      (at (xyz 0 0 0))
      (scale (xyz 1 1 1))
      (rotate (xyz 0 0 0))
    )
  )

  (module Resistor_SMD:R_0805_2012Metric_Pad1.15x1.40mm_HandSolder (layer F.Cu) (tedit 5C5DA4EF) (tstamp 5C621248)
    (at 184.912 123.19 180)
    (descr "Resistor SMD 0805 (2012 Metric), square (rectangular) end terminal, IPC_7351 nominal with elongated pad for handsoldering. (Body size source: https://docs.google.com/spreadsheets/d/1BsfQQcO9C6DZCsRaXUlFlo91Tg2WpOkGARC1WS5S8t0/edit?usp=sharing), generated with kicad-footprint-generator")
    (tags "resistor handsolder")
    (path /5C5CA004)
    (attr smd)
    (fp_text reference R5 (at 0 1.524 180) (layer F.SilkS)
      (effects (font (size 1 1) (thickness 0.15)))
    )
    (fp_text value 269 (at 0.254 0 180) (layer F.Fab)
      (effects (font (size 1 1) (thickness 0.15)))
    )
    (fp_line (start -1 0.6) (end -1 -0.6) (layer F.Fab) (width 0.1))
    (fp_line (start -1 -0.6) (end 1 -0.6) (layer F.Fab) (width 0.1))
    (fp_line (start 1 -0.6) (end 1 0.6) (layer F.Fab) (width 0.1))
    (fp_line (start 1 0.6) (end -1 0.6) (layer F.Fab) (width 0.1))
    (fp_line (start -0.261252 -0.71) (end 0.261252 -0.71) (layer F.SilkS) (width 0.12))
    (fp_line (start -0.261252 0.71) (end 0.261252 0.71) (layer F.SilkS) (width 0.12))
    (fp_line (start -1.85 0.95) (end -1.85 -0.95) (layer F.CrtYd) (width 0.05))
    (fp_line (start -1.85 -0.95) (end 1.85 -0.95) (layer F.CrtYd) (width 0.05))
    (fp_line (start 1.85 -0.95) (end 1.85 0.95) (layer F.CrtYd) (width 0.05))
    (fp_line (start 1.85 0.95) (end -1.85 0.95) (layer F.CrtYd) (width 0.05))
    (fp_text user %R (at 0 0 180) (layer F.Fab)
      (effects (font (size 0.5 0.5) (thickness 0.08)))
    )
    (pad 1 smd roundrect (at -1.025 0 180) (size 1.15 1.4) (layers F.Cu F.Paste F.Mask) (roundrect_rratio 0.217391)
      (net 10 /OX))
    (pad 2 smd roundrect (at 1.025 0 180) (size 1.15 1.4) (layers F.Cu F.Paste F.Mask) (roundrect_rratio 0.217391)
      (net 5 GND))
    (model ${KISYS3DMOD}/Resistor_SMD.3dshapes/R_0805_2012Metric.wrl
      (at (xyz 0 0 0))
      (scale (xyz 1 1 1))
      (rotate (xyz 0 0 0))
    )
  )

  (module Resistor_SMD:R_0805_2012Metric_Pad1.15x1.40mm_HandSolder (layer F.Cu) (tedit 5B36C52B) (tstamp 5C621238)
    (at 105.918 152.4 270)
    (descr "Resistor SMD 0805 (2012 Metric), square (rectangular) end terminal, IPC_7351 nominal with elongated pad for handsoldering. (Body size source: https://docs.google.com/spreadsheets/d/1BsfQQcO9C6DZCsRaXUlFlo91Tg2WpOkGARC1WS5S8t0/edit?usp=sharing), generated with kicad-footprint-generator")
    (tags "resistor handsolder")
    (path /5C5C9F70)
    (attr smd)
    (fp_text reference R1 (at 2.7 -0.1) (layer F.SilkS)
      (effects (font (size 1 1) (thickness 0.15)))
    )
    (fp_text value 66.5 (at 0 1.65 270) (layer F.Fab)
      (effects (font (size 1 1) (thickness 0.15)))
    )
    (fp_text user %R (at 0 0 90) (layer F.Fab)
      (effects (font (size 0.5 0.5) (thickness 0.08)))
    )
    (fp_line (start 1.85 0.95) (end -1.85 0.95) (layer F.CrtYd) (width 0.05))
    (fp_line (start 1.85 -0.95) (end 1.85 0.95) (layer F.CrtYd) (width 0.05))
    (fp_line (start -1.85 -0.95) (end 1.85 -0.95) (layer F.CrtYd) (width 0.05))
    (fp_line (start -1.85 0.95) (end -1.85 -0.95) (layer F.CrtYd) (width 0.05))
    (fp_line (start -0.261252 0.71) (end 0.261252 0.71) (layer F.SilkS) (width 0.12))
    (fp_line (start -0.261252 -0.71) (end 0.261252 -0.71) (layer F.SilkS) (width 0.12))
    (fp_line (start 1 0.6) (end -1 0.6) (layer F.Fab) (width 0.1))
    (fp_line (start 1 -0.6) (end 1 0.6) (layer F.Fab) (width 0.1))
    (fp_line (start -1 -0.6) (end 1 -0.6) (layer F.Fab) (width 0.1))
    (fp_line (start -1 0.6) (end -1 -0.6) (layer F.Fab) (width 0.1))
    (pad 2 smd roundrect (at 1.025 0 270) (size 1.15 1.4) (layers F.Cu F.Paste F.Mask) (roundrect_rratio 0.217391)
      (net 4 /PRE_HEALTING))
    (pad 1 smd roundrect (at -1.025 0 270) (size 1.15 1.4) (layers F.Cu F.Paste F.Mask) (roundrect_rratio 0.217391)
      (net 6 "Net-(Q1-Pad1)"))
    (model ${KISYS3DMOD}/Resistor_SMD.3dshapes/R_0805_2012Metric.wrl
      (at (xyz 0 0 0))
      (scale (xyz 1 1 1))
      (rotate (xyz 0 0 0))
    )
  )

  (module Resistor_SMD:R_0805_2012Metric_Pad1.15x1.40mm_HandSolder (layer F.Cu) (tedit 5B36C52B) (tstamp 5C621228)
    (at 112.522 147.066 180)
    (descr "Resistor SMD 0805 (2012 Metric), square (rectangular) end terminal, IPC_7351 nominal with elongated pad for handsoldering. (Body size source: https://docs.google.com/spreadsheets/d/1BsfQQcO9C6DZCsRaXUlFlo91Tg2WpOkGARC1WS5S8t0/edit?usp=sharing), generated with kicad-footprint-generator")
    (tags "resistor handsolder")
    (path /5C5C9C62)
    (attr smd)
    (fp_text reference R3 (at 2.89316 -0.04106 180) (layer F.SilkS)
      (effects (font (size 1 1) (thickness 0.15)))
    )
    (fp_text value 30 (at 0 0 180) (layer F.Fab)
      (effects (font (size 1 1) (thickness 0.15)))
    )
    (fp_line (start -1 0.6) (end -1 -0.6) (layer F.Fab) (width 0.1))
    (fp_line (start -1 -0.6) (end 1 -0.6) (layer F.Fab) (width 0.1))
    (fp_line (start 1 -0.6) (end 1 0.6) (layer F.Fab) (width 0.1))
    (fp_line (start 1 0.6) (end -1 0.6) (layer F.Fab) (width 0.1))
    (fp_line (start -0.261252 -0.71) (end 0.261252 -0.71) (layer F.SilkS) (width 0.12))
    (fp_line (start -0.261252 0.71) (end 0.261252 0.71) (layer F.SilkS) (width 0.12))
    (fp_line (start -1.85 0.95) (end -1.85 -0.95) (layer F.CrtYd) (width 0.05))
    (fp_line (start -1.85 -0.95) (end 1.85 -0.95) (layer F.CrtYd) (width 0.05))
    (fp_line (start 1.85 -0.95) (end 1.85 0.95) (layer F.CrtYd) (width 0.05))
    (fp_line (start 1.85 0.95) (end -1.85 0.95) (layer F.CrtYd) (width 0.05))
    (fp_text user %R (at 0 0 180) (layer F.Fab)
      (effects (font (size 0.5 0.5) (thickness 0.08)))
    )
    (pad 1 smd roundrect (at -1.025 0 180) (size 1.15 1.4) (layers F.Cu F.Paste F.Mask) (roundrect_rratio 0.217391)
      (net 8 "Net-(R3-Pad1)"))
    (pad 2 smd roundrect (at 1.025 0 180) (size 1.15 1.4) (layers F.Cu F.Paste F.Mask) (roundrect_rratio 0.217391)
      (net 7 "Net-(Q1-Pad3)"))
    (model ${KISYS3DMOD}/Resistor_SMD.3dshapes/R_0805_2012Metric.wrl
      (at (xyz 0 0 0))
      (scale (xyz 1 1 1))
      (rotate (xyz 0 0 0))
    )
  )

  (module Resistor_SMD:R_0805_2012Metric_Pad1.15x1.40mm_HandSolder (layer F.Cu) (tedit 5C5DC09B) (tstamp 5C621218)
    (at 180.594 121.902 270)
    (descr "Resistor SMD 0805 (2012 Metric), square (rectangular) end terminal, IPC_7351 nominal with elongated pad for handsoldering. (Body size source: https://docs.google.com/spreadsheets/d/1BsfQQcO9C6DZCsRaXUlFlo91Tg2WpOkGARC1WS5S8t0/edit?usp=sharing), generated with kicad-footprint-generator")
    (tags "resistor handsolder")
    (path /5C5C9EBA)
    (attr smd)
    (fp_text reference R2 (at 2.815 0.1) (layer F.SilkS)
      (effects (font (size 1 1) (thickness 0.15)))
    )
    (fp_text value 66.5K (at 0 1.65 270) (layer F.Fab)
      (effects (font (size 1 1) (thickness 0.15)))
    )
    (fp_line (start -1 0.6) (end -1 -0.6) (layer F.Fab) (width 0.1))
    (fp_line (start -1 -0.6) (end 1 -0.6) (layer F.Fab) (width 0.1))
    (fp_line (start 1 -0.6) (end 1 0.6) (layer F.Fab) (width 0.1))
    (fp_line (start 1 0.6) (end -1 0.6) (layer F.Fab) (width 0.1))
    (fp_line (start -0.261252 -0.71) (end 0.261252 -0.71) (layer F.SilkS) (width 0.12))
    (fp_line (start -0.261252 0.71) (end 0.261252 0.71) (layer F.SilkS) (width 0.12))
    (fp_line (start -1.85 0.95) (end -1.85 -0.95) (layer F.CrtYd) (width 0.05))
    (fp_line (start -1.85 -0.95) (end 1.85 -0.95) (layer F.CrtYd) (width 0.05))
    (fp_line (start 1.85 -0.95) (end 1.85 0.95) (layer F.CrtYd) (width 0.05))
    (fp_line (start 1.85 0.95) (end -1.85 0.95) (layer F.CrtYd) (width 0.05))
    (fp_text user %R (at 0 0 270) (layer F.Fab)
      (effects (font (size 0.5 0.5) (thickness 0.08)))
    )
    (pad 1 smd roundrect (at -1.025 0 270) (size 1.15 1.4) (layers F.Cu F.Paste F.Mask) (roundrect_rratio 0.217391)
      (net 6 "Net-(Q1-Pad1)"))
    (pad 2 smd roundrect (at 1.025 0 270) (size 1.15 1.4) (layers F.Cu F.Paste F.Mask) (roundrect_rratio 0.217391)
      (net 5 GND))
    (model ${KISYS3DMOD}/Resistor_SMD.3dshapes/R_0805_2012Metric.wrl
      (at (xyz 0 0 0))
      (scale (xyz 1 1 1))
      (rotate (xyz 0 0 0))
    )
  )

  (module Resistor_SMD:R_0805_2012Metric_Pad1.15x1.40mm_HandSolder (layer F.Cu) (tedit 5B36C52B) (tstamp 5C621208)
    (at 178.308 121.92 270)
    (descr "Resistor SMD 0805 (2012 Metric), square (rectangular) end terminal, IPC_7351 nominal with elongated pad for handsoldering. (Body size source: https://docs.google.com/spreadsheets/d/1BsfQQcO9C6DZCsRaXUlFlo91Tg2WpOkGARC1WS5S8t0/edit?usp=sharing), generated with kicad-footprint-generator")
    (tags "resistor handsolder")
    (path /5C5C9F70)
    (attr smd)
    (fp_text reference R1 (at 2.7 -0.1) (layer F.SilkS)
      (effects (font (size 1 1) (thickness 0.15)))
    )
    (fp_text value 66.5 (at 0 1.65 270) (layer F.Fab)
      (effects (font (size 1 1) (thickness 0.15)))
    )
    (fp_text user %R (at 0 0 90) (layer F.Fab)
      (effects (font (size 0.5 0.5) (thickness 0.08)))
    )
    (fp_line (start 1.85 0.95) (end -1.85 0.95) (layer F.CrtYd) (width 0.05))
    (fp_line (start 1.85 -0.95) (end 1.85 0.95) (layer F.CrtYd) (width 0.05))
    (fp_line (start -1.85 -0.95) (end 1.85 -0.95) (layer F.CrtYd) (width 0.05))
    (fp_line (start -1.85 0.95) (end -1.85 -0.95) (layer F.CrtYd) (width 0.05))
    (fp_line (start -0.261252 0.71) (end 0.261252 0.71) (layer F.SilkS) (width 0.12))
